0 0 -49.910603416920039876458758953958749771118164062500 
0 1 0.911370240833570099958649279869860038161277770996 
0 2 0.743841768048935425561296597152249887585639953613 
0 3 -0.000000000000007069972038046501546371074149856252 
0 4 0.000000000000000000000000000000000084259435066942 
1 0 0.911370240833570099958649279869860038161277770996 
1 1 -11.112050910580684615069912979379296302795410156250 
1 2 -2.511585822840530557442662029643543064594268798828 
1 3 0.000000000000000551124279070284714603130300030564 
1 4 -0.000000000000000000000000000000002257842665904311 
2 0 0.743841768048935425561296597152249887585639953613 
2 1 -2.511585822840530557442662029643543064594268798828 
2 2 -6.289390221027302274592329922597855329513549804688 
2 3 0.000000000000000245596869617584745700206967166456 
2 4 -0.000000000000000000000000000000074032775274109810 
3 0 -0.000000000000007069972038046501546371074149856252 
3 1 0.000000000000000551124279070284714603130300030564 
3 2 0.000000000000000245596869617584745700206967166456 
3 3 -4.922246570663294740199944499181583523750305175781 
3 4 -0.000000000000000388578058618804789148271083831787 
4 0 0.000000000000000000000000000000000084259435066942 
4 1 -0.000000000000000000000000000000002257842665904311 
4 2 -0.000000000000000000000000000000074032775274109810 
4 3 -0.000000000000000388578058618804789148271083831787 
4 4 -4.922246570663298292913623299682512879371643066406 
5 5 -4.922246570663302733805721800308674573898315429688 
6 6 -4.922246570663302733805721800308674573898315429688 
7 7 -4.922246570663302733805721800308674573898315429688 
8 8 -10.095133622325445088563355966471135616302490234375 
8 9 -2.986474215944983967574444250203669071197509765625 
9 8 -2.986474215944983967574444250203669071197509765625 
9 9 -6.598500950837246747937570034991949796676635742188 
10 10 -10.095133622325445088563355966471135616302490234375 
10 11 -2.986474215944983967574444250203669071197509765625 
11 10 -2.986474215944983967574444250203669071197509765625 
11 11 -6.598500950837250300651248835492879152297973632812 
12 12 -10.095133622325450417633874167222529649734497070312 
12 13 -2.986474215944979970771555599640123546123504638672 
13 12 -2.986474215944979970771555599640123546123504638672 
13 13 -6.598500950837243195223891234491020441055297851562 
